0 0.0684375 0.3565975555555555 0.078125 0.08222200000000005
0 0.048203125 0.18027822222222223 0.036875000000000005 0.071111
0 0.1134765625 0.202361 0.03374999999999999 0.06555599999999998
0 0.163828125 0.21993055555555555 0.0675 0.08
0 0.1855859375 0.43416711111111117 0.10750000000000001 0.09777699999999998
0 0.49710937499999996 0.6729861111111111 0.669375 0.5666670000000001
0 0.22453125 0.21604144444444445 0.03937500000000002 0.10888899999999996
0 0.2640625 0.29701422222222224 0.047500000000000014 0.10222199999999997
0 0.3343359375 0.39444466666666667 0.10875000000000001 0.335555
0 0.5016406250000001 0.376944 0.05124999999999996 0.12777800000000003
0 0.56828125 0.44201433333333334 0.10250000000000004 0.07333299999999997
0 0.7759765625 0.18562455555555557 0.15874999999999995 0.14555599999999996
0 0.8397265625 0.076875 0.09687500000000004 0.095556
