0 0.13425781250000002 0.4962794479004666 0.10375 0.14143400000000003
0 0.2126953125 0.3783126578538103 0.08875 0.143426
0 0.2698046875 0.527277867807154 0.1 0.14741099999999993
0 0.2759375 0.29683160808709175 0.048750000000000016 0.12948199999999999
0 0.354140625 0.5793157076205288 0.11499999999999999 0.16135499999999997
0 0.3508984375 0.3809862877138414 0.09250000000000003 0.153386
0 0.376171875 0.7402153094867807 0.028749999999999998 0.035856
0 0.3984375 0.8292275692068428 0.048750000000000016 0.055777000000000125
0 0.4546875 0.34556607776049764 0.11124999999999996 0.14940299999999998
0 0.472109375 0.6369456469673407 0.1375 0.20318700000000003
0 0.4766015625 0.4548832379471228 0.09625 0.13944200000000004
0 0.560390625 0.8413901275272162 0.11375000000000002 0.16733099999999995
0 0.565859375 0.5181914479004666 0.07499999999999996 0.14143399999999995
0 0.5659765625 0.3864726080870918 0.06500000000000006 0.12948200000000004
0 0.6278125 0.44716007776049765 0.07874999999999999 0.151394
0 0.651640625 0.5974885474339036 0.11499999999999999 0.173307
0 0.746484375 0.5702292877138414 0.10625000000000007 0.15338600000000002
0 0.7557421875 0.35222370762052874 0.08499999999999996 0.16135500000000003
0 0.8926953125 0.3504236578538103 0.08875 0.14342699999999997
0 0.93375 0.22618413841368584 0.06375000000000008 0.10756900000000004
