0 0.5246484375 0.5942184166666666 0.716875 0.6075
0 0.0107421875 0.22171908333333334 0.021875 0.06749999999999996
0 0.0146484375 0.12005208333333332 0.029375 0.06583300000000002
0 0.015625 0.16057258333333335 0.031875 0.04999999999999997
0 0.0234375 0.0409375 0.0475 0.04750000000000001
0 0.0556640625 0.7346878333333334 0.113125 0.5275000000000001
0 0.0292578125 0.42875 0.04125 0.0625
0 0.0345703125 0.34546841666666667 0.025625000000000002 0.04500000000000004
0 0.0534765625 0.4558850833333334 0.033749999999999995 0.06749999999999996
0 0.0731640625 0.40401075000000003 0.050625 0.055832999999999945
0 0.0891796875 0.21265625 0.06875 0.07250000000000001
0 0.069921875 0.4729684166666666 0.027500000000000004 0.045000000000000075
0 0.0953515625 0.022135416666666668 0.065625 0.04666699999999999
0 0.1081640625 0.14333333333333334 0.01937499999999999 0.04416700000000001
0 0.130625 0.525417 0.063125 0.06333299999999993
0 0.12894531250000002 0.4629684166666666 0.056874999999999995 0.045000000000000075
0 0.1190234375 0.904583 0.030625000000000013 0.06499999999999995
0 0.1202734375 0.06578091666666666 0.029375000000000012 0.060834000000000006
0 0.1332421875 0.3486458333333333 0.05437500000000001 0.05916699999999997
0 0.1636328125 0.9763024166666666 0.07375000000000001 0.045000000000000075
0 0.14171875 0.027135416666666665 0.024375000000000008 0.045000000000000005
0 0.1563671875 0.8937500000000002 0.053125000000000006 0.0625
0 0.1633203125 0.8532809166666667 0.05687499999999998 0.06166700000000006
0 0.1488671875 0.10942708333333333 0.023125000000000007 0.03500000000000001
0 0.1591796875 0.3152086666666667 0.037500000000000006 0.053333
0 0.169765625 0.5800520833333334 0.051875000000000004 0.06749999999999996
0 0.1679296875 0.2541149166666667 0.037500000000000006 0.05999999999999998
0 0.1965625 0.06671908333333333 0.07874999999999999 0.06749999999999999
0 0.212265625 0.4038541666666666 0.083125 0.06916700000000005
0 0.2091796875 0.8222395833333334 0.06875 0.051666999999999984
0 0.2153515625 0.29697883333333336 0.06562499999999999 0.059167000000000004
0 0.2167578125 0.03125 0.04249999999999998 0.065
0 0.2302734375 0.75901075 0.06187500000000001 0.05666600000000003
0 0.23109375 0.12807258333333332 0.055625000000000036 0.051667
0 0.2384765625 0.6296871666666667 0.06562499999999999 0.06916700000000005
0 0.2409765625 0.2617190833333333 0.06625000000000003 0.066666
0 0.238359375 0.9200003333333333 0.04374999999999998 0.04250000000000013
0 0.2562109375 0.7086458333333333 0.07624999999999998 0.058333000000000045
0 0.247109375 0.18640658333333335 0.04374999999999998 0.04999999999999997
0 0.2486328125 0.9504684166666667 0.04124999999999998 0.04499999999999993
0 0.2747265625 0.7986458333333334 0.06562499999999999 0.058333000000000045
0 0.25503906249999997 0.028958 0.01812500000000003 0.031667
0 0.3030078125 0.6142190833333334 0.07375000000000004 0.06749999999999996
0 0.31015625 0.015989916666666666 0.070625 0.029165999999999997
0 0.31640625 0.16151075 0.07124999999999998 0.055000000000000014
0 0.305234375 0.28229133333333334 0.04375000000000001 0.07416699999999998
0 0.3239453125 0.9127086666666666 0.05687499999999995 0.053333
0 0.3415234375 0.3416149166666667 0.09249999999999997 0.061665999999999964
0 0.320390625 0.9485940833333334 0.02124999999999999 0.03583299999999993
0 0.3417578125 0.9854166666666666 0.04125000000000001 0.02166700000000003
0 0.3872265625 0.5497399166666667 0.12812500000000004 0.09333299999999996
0 0.3730078125 0.1377604166666667 0.07250000000000001 0.07583299999999997
0 0.3696484375 0.7110934166666666 0.06062500000000004 0.07749999999999997
0 0.37921875 0.25333333333333335 0.025000000000000022 0.04333299999999999
0 0.41609375 0.82234375 0.08750000000000002 0.055832999999999945
0 0.3863671875 0.029947916666666668 0.023125000000000007 0.06
0 0.39765625 0.8807809166666667 0.040000000000000036 0.061666999999999916
0 0.4076953125 0.04890658333333334 0.026874999999999982 0.049999999999999996
0 0.431953125 0.8905725833333333 0.06687500000000002 0.04999999999999997
0 0.448828125 0.7217190833333333 0.09937499999999999 0.06666599999999996
0 0.474921875 0.018229166666666668 0.09000000000000002 0.0375
0 0.486484375 0.07265624999999999 0.106875 0.070833
0 0.4683203125 0.96734375 0.05687500000000001 0.055000000000000014
0 0.4642578125 0.16723958333333333 0.04125000000000001 0.05000000000000001
0 0.4998046875 0.18421908333333334 0.03875000000000001 0.066666
0 0.5333984375 0.32151075 0.029999999999999916 0.055000000000000014
0 0.577734375 0.2841663333333333 0.043749999999999956 0.04333400000000006
0 0.5751171875 0.22057258333333332 0.023125000000000062 0.051666999999999984
0 0.59125 0.49067675 0.03249999999999997 0.05666700000000002
0 0.591796875 0.05406216666666666 0.028750000000000053 0.03833400000000001
0 0.6060546875 0.9739065833333332 0.03874999999999995 0.05000000000000012
0 0.6043359375 0.102083 0.014374999999999916 0.06500000000000002
0 0.6247265625 0.15203158333333333 0.03374999999999995 0.080833
0 0.631796875 0.3027600833333333 0.02749999999999997 0.035834
0 0.6372265625 0.018229166666666668 0.03500000000000003 0.0375
0 0.642109375 0.3814065833333333 0.04437500000000005 0.04999999999999997
0 0.6351953125 0.9831249999999999 0.025624999999999898 0.03166700000000011
0 0.6606640625 0.4205725833333333 0.05062500000000003 0.050000000000000044
0 0.664453125 0.48505208333333333 0.036250000000000004 0.06583300000000003
0 0.6798828125 0.15020866666666666 0.041874999999999996 0.053333
0 0.6914453125 0.2230211666666667 0.026249999999999996 0.06916599999999999
0 0.7321875 0.74098925 0.07874999999999999 0.07083400000000006
0 0.7031640625 0.15166633333333335 0.01937500000000003 0.043333999999999984
0 0.7571484375 0.8776038333333332 0.12312499999999993 0.09000000000000001
0 0.7496484375 0.065417 0.09312500000000001 0.0625
0 0.7228515625 0.9606767499999999 0.03374999999999995 0.05500000000000016
0 0.759375 0.22453158333333334 0.09437499999999999 0.08249999999999998
0 0.775 0.3211975833333333 0.03187499999999999 0.08083400000000003
0 0.8046875 0.981458 0.04749999999999999 0.033333999999999975
0 0.8066015625 0.1523955 0.03499999999999992 0.079167
0 0.819453125 0.9555211666666666 0.036250000000000004 0.06833299999999998
0 0.8375390625 0.20687466666666665 0.05062500000000003 0.05333399999999999
0 0.87046875 0.11192708333333334 0.055625000000000036 0.035833000000000004
0 0.8654296875 0.23083333333333333 0.03749999999999998 0.041666999999999975
0 0.8737890625 0.927083 0.04937500000000006 0.06333400000000007
0 0.8697265625 0.2793746666666666 0.03500000000000003 0.05333400000000007
0 0.868515625 0.3705725833333333 0.020625000000000004 0.05166700000000005
0 0.8831640625 0.021198250000000002 0.04999999999999993 0.041666
0 0.8984765625 0.036458333333333336 0.06625000000000003 0.074167
0 0.9365234375 0.09234375 0.06062500000000004 0.055833
0 0.9432421875 0.27281283333333334 0.05437499999999995 0.05750000000000003
0 0.9612109375 0.81557325 0.07625000000000004 0.134166
0 0.9628515625 0.19348924999999997 0.03374999999999995 0.07083400000000001
0 0.97890625 0.01953125 0.040000000000000036 0.040833
0 0.9851953125 0.06973958333333334 0.026874999999999982 0.05000000000000001
