0 0.025390625 0.8281253333333334 0.051758 0.04296799999999997
0 0.0615238125 0.610677 0.074218 0.06380199999999998
0 0.1132808125 0.18229149999999997 0.041993 0.11067700000000001
0 0.25000018749999997 0.8723961666666668 0.02246099999999998 0.039062000000000076
0 0.3779296875 0.9427080833333333 0.07031199999999999 0.06640600000000003
0 0.541992125 0.08723949999999998 0.005858999999999948 0.018229000000000006
0 0.6240238125 0.14843775 0.011717999999999895 0.02604099999999998
0 0.718750375 0.25260458333333335 0.0126949999999999 0.019531000000000003
0 0.7861330625 0.01171825 0.019530999999999965 0.007812999999999999
0 0.8984370625 0.4687499166666667 0.04980499999999999 0.05989599999999987
