0 0.071484375 0.39328158333333335 0.012499999999999997 0.02083300000000003
0 0.4222265625 0.2829690833333333 0.0037499999999999756 0.0050000000000000044
0 0.4510546875 0.34223925 0.006249999999999978 0.008333999999999989
0 0.4516015625 0.32177116666666666 0.0025000000000000022 0.006665999999999987
0 0.47265625 0.3343753333333333 0.009375000000000022 0.010833000000000018
0 0.4841015625 0.33307325 0.0024999999999999467 0.009166000000000007
0 0.485078125 0.3134371666666667 0.004999999999999949 0.0066669999999999785
0 0.48828125 0.29890625 0.00874999999999998 0.008332999999999998
0 0.5280078125 0.29723925 0.011250000000000093 0.008334000000000027
0 0.5894921875 0.2986455 0.023125000000000062 0.015834000000000015
0 0.618203125 0.2756774166666667 0.0050000000000000044 0.014165999999999975
