0 0.0556640625 0.46338508333333334 0.1125 0.19166700000000003
0 0.0693359375 0.26109408333333334 0.14 0.16000000000000003
0 0.17828125 0.20416633333333334 0.10250000000000001 0.29333400000000004
0 0.4231640625 0.02734375 0.175 0.055
0 0.4515625 0.5653645833333334 0.20375 0.08333299999999995
0 0.4609375 0.3778645833333334 0.10999999999999999 0.20666699999999996
0 0.614140625 0.6179684166666667 0.36375 0.17166699999999993
0 0.5674609375 0.7176038333333333 0.10875000000000001 0.09000000000000001
0 0.8271484375 0.6794791666666667 0.21750000000000003 0.09999999999999994
0 0.8753515625 0.10651008333333334 0.16000000000000003 0.09666699999999999
0 0.9316796875 0.4954163333333333 0.13250000000000006 0.10499999999999998
