0 0.056640625 0.29113233821376283 0.11375 0.25985
0 0.1936328125 0.25329428989751096 0.38562500000000005 0.508443
0 0.501171875 0.4685212298682284 0.99625 0.939963
0 0.22957031249999998 0.060029282576866766 0.275625 0.121951
0 0.3596484375 0.7210575168374816 0.405 0.4915570000000001
0 0.6341796875 0.5128821185944363 0.6325000000000001 0.6632269999999999
0 0.4278125 0.15666178623718888 0.17187500000000006 0.314259
0 0.74375 0.1683748169838946 0.4075 0.337711
0 0.63515625 0.7731586383601757 0.13312500000000005 0.10600399999999992
0 0.7405078125 0.3719233821376281 0.198125 0.5769230000000001
0 0.9299609375 0.27049433821376284 0.13875000000000004 0.257974
0 0.9675 0.52448782284041 0.06312499999999999 0.24765499999999993
