0 0.025390625 0.9231772499999998 0.052734 0.04036400000000014
0 0.0419919375 0.13020791666666667 0.014649000000000002 0.029947999999999992
0 0.072265125 0.4270835833333333 0.067383 0.08203100000000003
0 0.0566401875 0.19140591666666665 0.022461000000000002 0.029948000000000013
0 0.06640599999999999 0.6080729166666666 0.033203 0.06119799999999994
0 0.11132825 0.17447958333333335 0.04101500000000001 0.019531000000000003
0 0.1035151875 0.18880166666666665 0.021485000000000004 0.02083400000000002
0 0.1269526875 0.048176666666666666 0.037110000000000004 0.022135999999999992
0 0.12695362500000001 0.20052075 0.02148399999999999 0.024740000000000022
0 0.1435545625 0.204427 0.03417999999999999 0.03125
0 0.212891 0.6744788333333332 0.032226000000000005 0.026042000000000048
0 0.2119138125 0.32812541666666667 0.009765999999999997 0.014323000000000011
0 0.229492375 0.24609341666666665 0.011719000000000007 0.01432300000000005
0 0.2558598125 0.3125000833333333 0.010741999999999974 0.035156
0 0.2812499375 0.34895875 0.013672000000000017 0.026041000000000054
0 0.2832035 0.19010466666666667 0.016600999999999977 0.022135000000000016
0 0.2968754375 0.61067675 0.030272999999999994 0.024739999999999984
0 0.4267573125 0.2031245 0.026368000000000003 0.016928000000000016
0 0.4511719375 0.3619794166666666 0.014647999999999994 0.013021000000000024
0 0.4794919375 0.3736981666666666 0.014648999999999968 0.007812000000000078
0 0.480468375 0.4218748333333333 0.012695999999999985 0.027343999999999962
0 0.4853515 0.35546833333333333 0.016602000000000006 0.01171899999999996
0 0.499023875 0.4427086666666667 0.028320000000000012 0.022135000000000016
0 0.4990235 0.29557325 0.017578000000000038 0.00911400000000003
0 0.5078125625000001 0.5872395 0.034180000000000044 0.016926999999999987
0 0.5009764999999999 0.34635450000000007 0.015625000000000056 0.016926999999999914
0 0.5019529375 0.39322950000000007 0.013672000000000073 0.018228999999999978
0 0.513672 0.12109391666666668 0.03125 0.028646000000000005
0 0.5087895 0.4205730833333334 0.015625 0.005207999999999953
0 0.6601566875 0.4869788333333333 0.32031200000000004 0.18229200000000004
0 0.517577625 0.3567707500000001 0.019531999999999994 0.02343799999999992
0 0.514648375 0.33072925 0.011718999999999924 0.00911500000000002
0 0.517578375 0.31250041666666667 0.012695000000000012 0.01432200000000002
0 0.526367625 0.72005175 0.020506999999999942 0.02343799999999992
0 0.75878925 0.7903643333333333 0.478515 0.41666699999999995
0 0.5283199375 0.7630203333333334 0.014649000000000023 0.01171899999999996
0 0.5322265 0.3789063333333333 0.015625 0.01171900000000011
0 0.5361325 0.6380204166666666 0.017577999999999983 0.04557299999999994
0 0.5400395 0.33203125 0.015625 0.007812999999999995
0 0.5488280625 0.7109375 0.018554999999999988 0.015625
0 0.556640875 0.8750003333333334 0.028320000000000012 0.013020000000000032
0 0.5527339375 0.3750005 0.013672000000000017 0.01822900000000005
0 0.555664375 0.8502602500000002 0.012695000000000012 0.007812999999999922
0 0.56543 0.7916665833333334 0.03222599999999998 0.019530999999999892
0 0.56249975 0.6940104166666666 0.02343800000000007 0.014322999999999938
0 0.576171875 0.9531248333333334 0.027344000000000035 0.02604199999999975
0 0.5771479375 0.8489585833333333 0.013671999999999906 0.019531000000000038
0 0.5791010625 0.3658856666666666 0.018554999999999988 0.022135000000000016
0 0.5839843125 0.6796875 0.02636699999999992 0.016927000000000064
0 0.597656625 0.7994793333333332 0.020506999999999942 0.010417000000000046
0 0.613280875 0.8789064999999999 0.027344000000000035 0.015625
0 0.6142575 0.7552084999999998 0.017577999999999983 0.015625
0 0.6220706875 0.3606768333333334 0.00781199999999993 0.0260419999999999
0 0.6376955 0.42578125 0.015625 0.007812999999999995
0 0.6435550625 0.9205725833333332 0.019530999999999965 0.01822999999999997
0 0.658203 0.7968747500000001 0.032227000000000006 0.02343799999999992
0 0.667968375 0.4218753333333334 0.01269600000000004 0.01171799999999997
0 0.6728511875 0.3802084166666666 0.022461000000000064 0.014323000000000086
0 0.6855470625 0.8463545 0.019531000000000076 0.016926999999999914
0 0.6845708125 0.9596355 0.01074200000000003 0.015625
0 0.6962895 0.4309895000000001 0.017577999999999983 0.015625
0 0.704101375 0.8932288333333332 0.01269599999999993 0.026042000000000048
0 0.7080080625 0.6822915000000002 0.01855399999999996 0.015625
0 0.7158203125 0.3958333333333333 0.025391000000000052 0.01171899999999996
0 0.71679725 0.9257815833333334 0.009764999999999913 0.019530999999999892
0 0.74218775 0.7708335833333333 0.025389999999999913 0.0208330000000001
0 0.7470705 0.9218748333333334 0.016600999999999977 0.02604199999999975
0 0.757812625 0.3906251666666667 0.02050799999999997 0.00781199999999993
0 0.788085625 0.4166665 0.019531999999999994 0.015625
0 0.8007815 0.9609377499999999 0.016600999999999977 0.026041000000000054
0 0.842773625 0.6692706666666668 0.02148400000000006 0.02083399999999987
0 0.8896485 0.7747399166666668 0.017578000000000094 0.029947999999999936
0 0.9101565 0.9218745 0.015625 0.015625999999999845
