0 0.01171875 0.5038024166666667 0.025 0.046666000000000096
0 0.033203125 0.69932325 0.0675 0.07250000000000008
0 0.0751953125 0.9369788333333333 0.150625 0.05750000000000011
0 0.0276953125 0.9831249999999999 0.025625000000000002 0.03166700000000011
0 0.1962890625 0.29031283333333335 0.33125 0.18416599999999997
0 0.0618359375 0.57088575 0.046250000000000006 0.025832999999999995
0 0.06714843749999999 0.60838575 0.030625000000000006 0.025833000000000144
0 0.1039453125 0.78255175 0.026874999999999996 0.024167000000000122
0 0.1584375 0.48588575 0.04749999999999999 0.024165999999999983
0 0.147265625 0.5994270833333334 0.020624999999999977 0.034999999999999996
0 0.3041796875 0.37317741666666665 0.28812499999999996 0.13916599999999998
0 0.19296875 0.5984899166666667 0.024375000000000008 0.029166000000000025
0 0.216953125 0.868958 0.036250000000000004 0.03166700000000011
0 0.216796875 0.68869825 0.027499999999999997 0.040000000000000036
0 0.227265625 0.7338538333333333 0.020625000000000004 0.027500000000000007
0 0.2341015625 0.59588575 0.033749999999999974 0.025832999999999995
0 0.293203125 0.77255175 0.036250000000000004 0.024166999999999977
0 0.4000390625 0.4178125 0.23812500000000003 0.14083300000000007
0 0.3195703125 0.931458 0.05812499999999998 0.03250000000000005
0 0.329296875 0.58088575 0.027500000000000024 0.02416600000000006
0 0.44703125 0.22713508333333335 0.25875000000000004 0.12916699999999998
0 0.3473046875 0.7404166666666666 0.03750000000000003 0.023333000000000048
0 0.3553515625 0.87588575 0.03375 0.025832999999999995
0 0.3978125 0.12249966666666667 0.109375 0.08583400000000001
0 0.4312890625 0.21901041666666665 0.17437500000000006 0.13916700000000004
0 0.3563671875 0.6315621666666668 0.023125000000000007 0.038333999999999945
0 0.384375 0.8491145833333333 0.03249999999999997 0.019166999999999934
0 0.43890625 0.935 0.133125 0.126667
0 0.3974609375 0.74505175 0.04562500000000003 0.025833999999999985
0 0.3965234375 0.6419795 0.029374999999999984 0.01583300000000006
0 0.4719921875 0.3046878333333333 0.179375 0.15166599999999997
0 0.429921875 0.8336454999999999 0.028749999999999998 0.015834000000000053
0 0.49828125 0.4493746666666667 0.16437499999999994 0.1774999999999999
0 0.44625 0.93536425 0.03250000000000003 0.03916699999999995
0 0.4566015625 0.8004166666666667 0.03437499999999999 0.022499999999999964
0 0.5133593750000001 0.07552083333333333 0.13687500000000002 0.151667
0 0.4701171875 0.9792187499999999 0.023125000000000007 0.025833000000000144
0 0.4969921875 0.7145836666666666 0.021875000000000033 0.023333000000000048
0 0.6050390625 0.45901041666666664 0.11250000000000004 0.14000000000000004
0 0.7240625 0.23864549999999998 0.07874999999999999 0.14083400000000004
0 0.721015625 0.4707288333333333 0.05249999999999999 0.12083399999999996
0 0.7920703125 0.06250033333333334 0.026874999999999982 0.04416600000000001
