0 0.3509375 0.4393229166666666 0.078125 0.15583300000000003
0 0.0234375 0.09984375 0.0475 0.055000000000000014
0 0.025390625 0.7369270833333333 0.0525 0.03416700000000006
0 0.0152734375 0.5359899166666667 0.03 0.03083299999999996
0 0.0406640625 0.9090104166666667 0.018125000000000002 0.014999999999999977
0 0.0495703125 0.47671875 0.026250000000000002 0.024166999999999977
0 0.08375 0.7562496666666666 0.03125 0.022500000000000114
0 0.0844140625 0.4906774166666667 0.019375000000000003 0.01500000000000005
0 0.1039453125 0.6725517499999999 0.02562500000000001 0.025834000000000062
0 0.103515625 0.060780916666666664 0.020625000000000004 0.06166699999999999
0 0.1201171875 0.5330208333333334 0.05437500000000001 0.027500000000000007
0 0.105234375 0.21932291666666667 0.012499999999999997 0.02916699999999998
0 0.1701953125 0.27786425 0.02562500000000001 0.04083400000000004
0 0.18703125 0.8507815833333333 0.00874999999999998 0.019165999999999943
0 0.249609375 0.14494791666666668 0.011874999999999997 0.06083299999999997
0 0.2723046875 0.7798434166666667 0.00687500000000002 0.014999999999999977
0 0.450234375 0.1153125 0.106875 0.14083299999999999
0 0.5950390625 0.32750033333333334 0.01937499999999992 0.04249999999999998
0 0.6758984375 0.028645833333333332 0.12437500000000001 0.058333
0 0.9242578125 0.8957815833333332 0.009999999999999898 0.01916600000000009
