0 0.715078125 0.8797795962373371 0.254375 0.23888900000000007
0 0.1624609375 0.28758557018813313 0.295 0.189814
0 0.1751171875 0.1352182402315485 0.273125 0.233334
0 0.175 0.5184837901591896 0.250625 0.15925900000000004
0 0.32113281250000003 0.7033255701881331 0.19749999999999998 0.18981499999999993
0 0.3245703125 0.42368972214182343 0.08937499999999998 0.14444400000000002
0 0.4004296875 0.23387472214182348 0.19437499999999996 0.142593
0 0.358828125 0.5227021201157742 0.09875 0.11759200000000003
0 0.3849609375 0.8659521982633864 0.07687500000000003 0.264815
0 0.4196875 0.42554172214182345 0.14125 0.142592
0 0.5203125 0.08104196816208394 0.23625000000000002 0.164815
0 0.48546875 0.6853219001447178 0.15000000000000002 0.14629599999999998
0 0.455 0.8212549421128799 0.06312499999999999 0.11574100000000001
0 0.5525 0.03183791606367583 0.22062499999999996 0.064815
0 0.662109375 0.47672097829232996 0.38687499999999997 0.293518
0 0.513671875 0.8173866801736615 0.05874999999999997 0.17500000000000002
0 0.56765625 0.9207406121562952 0.07187500000000002 0.156481
0 0.5883984375 0.19937516208393632 0.06187500000000001 0.08518600000000001
0 0.740390625 0.670679010130246 0.20875 0.130555
0 0.81640625 0.04052098408104197 0.22812500000000002 0.083333
0 0.8623828125 0.2178521041968162 0.229375 0.19907500000000003
0 0.95484375 0.3637374341534009 0.08750000000000002 0.15555600000000003
