0 0.169140625 0.7526565833333333 0.30125 0.11249999999999998
0 0.056640625 0.96625 0.114375 0.06416700000000002
0 0.10546875 0.31130175 0.21125 0.08666699999999998
0 0.1866796875 0.876875 0.25749999999999995 0.0950000000000002
0 0.2650390625 0.4549996666666667 0.30000000000000004 0.08416699999999995
0 0.4055078125 0.044270833333333336 0.448125 0.090833
0 0.4883984375 0.5643225833333334 0.34187500000000004 0.1133339999999999
0 0.483515625 0.196667 0.301875 0.12749999999999997
0 0.5303515624999999 0.940208 0.315 0.09500000000000004
0 0.6135546875 0.3311979166666667 0.35 0.12249999999999998
0 0.6362890625 0.8094274166666667 0.300625 0.07749999999999997
0 0.7409375 0.6655729166666666 0.329375 0.0925000000000001
0 0.802265625 0.8335934166666666 0.333125 0.07583399999999996
0 0.816171875 0.9831249999999999 0.21562499999999996 0.03166700000000011
0 0.860546875 0.44197916666666665 0.27749999999999997 0.10000000000000002
0 0.9070703125 0.7365625000000001 0.18312499999999998 0.07916699999999999
0 0.9134375 0.057291666666666664 0.171875 0.116667
0 0.948828125 0.9133336666666666 0.09937499999999999 0.08416600000000003
0 0.9869921875 0.5852600833333333 0.023125000000000062 0.03583400000000007
