0 0.175625 0.3955141824817519 0.09437499999999999 0.09897299999999999
0 0.0078125 0.5358959781021897 0.0175 0.023343000000000013
0 0.0296484375 0.6882086861313867 0.030625 0.027078000000000078
0 0.0867578125 0.7294624160583941 0.009999999999999995 0.013071999999999993
0 0.0976171875 0.2013915620437956 0.021875000000000006 0.011205000000000027
0 0.13089843750000002 0.47146997810218977 0.030625 0.022409000000000005
0 0.1668359375 0.7375769781021897 0.013749999999999984 0.02054099999999999
0 0.3236328125 0.6499266861313869 0.010624999999999996 0.02894499999999996
0 0.3490234375 0.5681678321167883 0.02937500000000004 0.025209999999999896
0 0.3714453125 0.3258119781021898 0.02562500000000001 0.022409000000000005
0 0.3960546875 0.4941163941605839 0.03749999999999998 0.034546999999999994
0 0.4212109375 0.033747372262773724 0.07687500000000003 0.05508799999999999
0 0.4221484375 0.732330102189781 0.02937500000000004 0.038281999999999976
0 0.419765625 0.8538828321167883 0.020000000000000018 0.024276000000000138
0 0.4654296875 0.3639232481751825 0.03874999999999995 0.03641499999999997
0 0.4665234375 0.4396719562043796 0.029374999999999984 0.04201699999999996
0 0.4800390625 0.5952458321167883 0.018125000000000002 0.025210000000000062
0 0.508515625 0.7005320802919709 0.05125000000000002 0.05975699999999989
0 0.528828125 0.41177966423357665 0.03687499999999999 0.04761899999999999
0 0.5228125 0.7891673941605839 0.01749999999999996 0.03268000000000003
0 0.5211328125 0.5480339781021898 0.011249999999999982 0.022409000000000005
0 0.529765625 0.03449497810218978 0.020625000000000004 0.02334300000000001
0 0.5551171875 0.46744654014598536 0.021874999999999978 0.03081200000000001
0 0.553984375 0.42648224817518243 0.013125000000000053 0.036414000000000044
0 0.6076171875 0.5336208321167883 0.02312499999999995 0.025209999999999896
0 0.63578125 0.4022052481751825 0.03937500000000005 0.03641499999999993
0 0.6492578125 0.5688123941605839 0.04249999999999998 0.03454800000000004
0 0.6570703125 0.8090648321167884 0.02562500000000001 0.025209999999999896
0 0.6663671875 0.16894897810218978 0.021874999999999978 0.020541999999999977
0 0.6811328125 0.16708197810218978 0.010000000000000009 0.02054100000000001
0 0.69015625 0.7281212700729927 0.009375000000000022 0.01587300000000005
0 0.6996875 0.2005762700729927 0.016249999999999987 0.014940000000000009
0 0.70859375 0.4961541240875913 0.024374999999999925 0.017739999999999933
0 0.7215625 0.7102615620437956 0.016249999999999987 0.011205000000000027
0 0.735859375 0.12693197810218979 0.013125000000000053 0.022409000000000005
0 0.73890625 0.6636952700729927 0.009375000000000022 0.014939000000000043
0 0.7441015625 0.6908909781021898 0.00374999999999992 0.021475999999999964
0 0.792265625 0.15973068613138686 0.020625000000000004 0.027076999999999986
0 0.801640625 0.49971839416058395 0.02124999999999999 0.034546999999999994
0 0.8108203125 0.07365895620437955 0.02562500000000001 0.04201700000000002
0 0.8248828125 0.11981810218978102 0.011250000000000093 0.038282
0 0.840859375 0.4173149781021898 0.01187500000000008 0.023343000000000013
0 0.840859375 0.15681097810218977 0.013125000000000053 0.021474999999999998
0 0.8537109375 0.32727183211678834 0.013749999999999929 0.02521000000000002
0 0.8587109375 0.6347502700729927 0.013749999999999929 0.014939000000000043
0 0.8631640625 0.20408951824817514 0.01937500000000003 0.05042000000000002
0 0.864140625 0.4364638102189781 0.020625000000000004 0.04481800000000001
0 0.8724609375 0.028485832116788318 0.014375000000000027 0.02521
0 0.9001953125 0.0387048102189781 0.026875000000000093 0.045751
0 0.9037109375 0.5993879781021898 0.015000000000000013 0.023342999999999847
0 0.9023046875 0.6800941240875913 0.007499999999999951 0.01960799999999995
0 0.9403125 0.3865696642335766 0.04874999999999996 0.04761900000000003
0 0.942265625 0.49825854014598536 0.020625000000000004 0.030812000000000093
0 0.9887890625 0.28111268613138685 0.01937500000000003 0.028011000000000036
