0 0.3984375 0.11458333333333333 0.798125 0.23083299999999998
0 0.0437890625 0.6652086666666667 0.08125 0.053333
0 0.1035546875 0.6078125 0.03874999999999999 0.14083300000000007
0 0.1236328125 0.3148955 0.07375000000000001 0.07916699999999999
0 0.148203125 0.26281283333333333 0.098125 0.058333
0 0.1708984375 0.26484408333333337 0.09312500000000001 0.09666599999999996
0 0.15375 0.5884371666666667 0.031875000000000014 0.13249999999999998
0 0.1875 0.5287503333333333 0.09562499999999999 0.10666599999999993
0 0.1740625 0.4096875 0.046875 0.11000000000000003
0 0.2071484375 0.2728649166666666 0.061874999999999986 0.124166
0 0.1979296875 0.4064586666666667 0.03875000000000001 0.115833
0 0.2352734375 0.5123958333333333 0.06062500000000001 0.12083300000000004
0 0.22703125 0.40197883333333334 0.04000000000000001 0.05916699999999997
0 0.259375 0.3034895833333333 0.09562499999999999 0.11250000000000004
0 0.28921874999999997 0.25281216666666667 0.08687500000000001 0.09999999999999998
0 0.2691015625 0.45166666666666666 0.034999999999999976 0.08583300000000005
0 0.275546875 0.6311979166666667 0.028124999999999956 0.12250000000000005
0 0.3194921875 0.25203125 0.08499999999999996 0.03916699999999999
0 0.31640625 0.50911425 0.07124999999999998 0.1016670000000001
0 0.302421875 0.6611455 0.028749999999999998 0.1408339999999999
0 0.3178125 0.3486461666666667 0.04749999999999999 0.09999999999999994
0 0.3175 0.5244795 0.03125 0.141666
0 0.3484765625 0.8282815833333332 0.03500000000000003 0.1441660000000001
0 0.3554296875 0.43437533333333334 0.03750000000000003 0.13583299999999995
0 0.398515625 0.30390591666666666 0.08250000000000002 0.09250000000000003
0 0.3934765625 0.3388545 0.06562499999999999 0.11000000000000003
0 0.3968359375 0.351667 0.044999999999999984 0.12750000000000003
0 0.4114453125 0.8936455 0.05687500000000001 0.14250000000000007
0 0.436015625 0.2633850833333333 0.08374999999999999 0.06666699999999999
0 0.446328125 0.4266145833333333 0.03562499999999996 0.14416700000000007
0 0.472265625 0.815 0.08250000000000002 0.12750000000000009
0 0.4627734375 0.4384895833333333 0.06187500000000001 0.11333300000000006
0 0.5293749999999999 0.4005205 0.06312500000000004 0.11083400000000003
0 0.5371874999999999 0.45369791666666665 0.07875000000000004 0.12249999999999998
0 0.5494921875 0.3139059166666667 0.08500000000000008 0.09333400000000003
0 0.54390625 0.27177083333333335 0.07062499999999994 0.08916699999999995
0 0.5468359375 0.551667 0.07624999999999993 0.12749999999999995
0 0.5733984375 0.39942675 0.06125000000000003 0.11749999999999994
0 0.5890234375 0.2285940833333333 0.06062500000000004 0.035833000000000004
0 0.6058984375 0.34703158333333334 0.06062499999999993 0.08249999999999995
0 0.613671875 0.3277083333333333 0.028750000000000053 0.13583299999999995
0 0.65859375 0.24369825 0.11750000000000005 0.03916599999999996
0 0.6311328125 0.465 0.04125000000000001 0.12583300000000008
0 0.6545703125 0.5575524166666667 0.08937499999999998 0.10749999999999993
0 0.6542578125 0.3260416666666666 0.04249999999999998 0.17916700000000008
0 0.651875 0.4355205 0.03249999999999997 0.11000000000000003
0 0.6528515625 0.90536425 0.03500000000000003 0.16500000000000004
0 0.6944140625 0.568333 0.05062499999999992 0.12750000000000009
0 0.7069921875 0.38026075 0.053749999999999964 0.11750000000000001
0 0.7023828125 0.4753125 0.04125000000000001 0.1425
0 0.7489453125 0.34213575 0.12 0.088333
0 0.7569140625 0.282292 0.11187499999999995 0.03250000000000005
0 0.737734375 0.8423434166666667 0.04312499999999997 0.1391669999999999
0 0.8055078125 0.6925524166666667 0.07374999999999998 0.10833300000000001
0 0.8515625 0.26687500000000003 0.11062499999999997 0.09500000000000001
0 0.9005078125 0.14598958333333334 0.1975 0.23750000000000002
0 0.833671875 0.34854199999999996 0.05937500000000007 0.09416599999999993
0 0.8446875 0.7668753333333332 0.07874999999999999 0.13750000000000004
0 0.8409375 0.5540100833333333 0.04749999999999999 0.09833400000000007
0 0.8629296875 0.9209899166666666 0.07000000000000006 0.1550000000000001
0 0.8595703125 0.23848958333333334 0.05812499999999998 0.11333300000000002
0 0.85765625 0.01171875 0.040000000000000036 0.024167000000000004
0 0.8689453125 0.3849475833333333 0.05687500000000001 0.14333400000000004
0 0.8615234375 0.43979166666666664 0.029999999999999916 0.11666700000000008
0 0.871875 0.6512496666666666 0.03312500000000007 0.14833399999999997
0 0.894140625 0.4087503333333333 0.051875000000000004 0.10499999999999998
0 0.9187109375 0.3992711666666667 0.04500000000000004 0.13083299999999998
0 0.96203125 0.53692675 0.07125000000000004 0.11750000000000001
0 0.9498828125 0.3161461666666667 0.041874999999999996 0.10000000000000002
0 0.9731640625 0.4353128333333333 0.05062500000000003 0.058333000000000045
0 0.9851953125 0.5553128333333334 0.026874999999999982 0.05916600000000005
0 0.9915625 0.6843229166666668 0.015625 0.02916699999999987
