0 0.0205078125 0.11380241666666667 0.041875 0.046666000000000006
0 0.0390625 0.6548440833333333 0.078125 0.09833299999999993
0 0.04296875 0.07682258333333333 0.086875 0.11416700000000002
0 0.0458984375 0.7351559166666667 0.0925 0.15499999999999994
0 0.0595703125 0.8903125 0.119375 0.141667
0 0.08 0.5069788333333333 0.15625 0.18250000000000002
0 0.0562890625 0.016927083333333332 0.08125 0.035
0 0.12589843750000002 0.9158333333333334 0.218125 0.16666700000000004
0 0.4274609375 0.6786455 0.7025 0.640834
0 0.1599609375 0.15505241666666666 0.10875 0.1075
0 0.190234375 0.28932291666666665 0.138125 0.15500000000000003
0 0.179609375 0.22385449999999998 0.10625000000000001 0.111666
0 0.26675781249999997 0.181875 0.16687500000000002 0.21916700000000003
0 0.3548828125 0.34171875 0.104375 0.15
0 0.3615625 0.1926038333333333 0.08000000000000002 0.08999999999999998
0 0.4110546875 0.12140591666666667 0.16375 0.09333399999999999
0 0.4615625 0.8704163333333333 0.23624999999999996 0.10499999999999998
0 0.5252343749999999 0.36182325 0.23125 0.1975
0 0.51125 0.19520799999999996 0.15625 0.09499999999999999
0 0.5608984375 0.7028121666666668 0.18625000000000003 0.09999999999999994
0 0.5370312500000001 0.3518225833333333 0.133125 0.23749999999999996
0 0.5776953125 0.08057258333333334 0.05687500000000001 0.051667
0 0.633671875 0.3306770833333333 0.15375000000000005 0.09666699999999999
0 0.5812109375 0.05171908333333333 0.04625000000000001 0.06749999999999999
0 0.686484375 0.48 0.10562499999999997 0.12583299999999994
0 0.709453125 0.41598958333333336 0.09812500000000002 0.11249999999999998
0 0.757265625 0.67682325 0.14625 0.196666
0 0.8019140625 0.51765625 0.20562500000000006 0.07250000000000001
0 0.8102734375 0.5513538333333333 0.21687499999999993 0.1516669999999999
0 0.8787109375 0.4740628333333334 0.17062500000000003 0.11999999999999988
0 0.9121875 0.4249482500000001 0.17312499999999997 0.10166599999999996
0 0.895390625 0.17208299999999999 0.08374999999999999 0.1875
0 0.9425390625 0.5470315833333333 0.11250000000000004 0.08250000000000002
0 0.968125 0.32958333333333334 0.0625 0.10499999999999998
