0 0.5828125 0.39130208333333333 0.26625000000000004 0.13
0 0.311328125 0.4452607499999999 0.28562499999999996 0.11833300000000009
0 0.3419140625 0.3849996666666667 0.299375 0.08416699999999995
0 0.3434375 0.4727080000000001 0.296875 0.0949999999999999
0 0.392265625 0.5096875 0.36500000000000005 0.11083300000000003
0 0.414921875 0.6171350833333333 0.31000000000000005 0.12916699999999995
0 0.418125 0.57609375 0.28187499999999993 0.11833300000000009
0 0.4887109375 0.7323958333333334 0.38875 0.12166699999999997
0 0.4585546875 0.6307295 0.319375 0.079166
0 0.4819921875 0.6808854166666666 0.335625 0.10833300000000001
0 0.39953125 0.3972395833333333 0.16562500000000002 0.05166700000000005
0 0.5418359374999999 0.7795309166666667 0.39000000000000007 0.12250000000000005
