0 0.0791015625 0.30180458823529416 0.158537 0.20534199999999994
0 0.1416015625 0.9446255882352942 0.284922 0.10517599999999999
0 0.16796875 0.7816902352941176 0.337029 0.24207000000000006
0 0.2177734375 0.9020529411764705 0.435698 0.1652750000000001
0 0.1803564375 0.10656258823529412 0.18625300000000003 0.105175
0 0.3359790625 0.43548029411764716 0.39356900000000006 0.17696199999999995
0 0.3272174375 0.27895011764705885 0.343681 0.17195300000000002
0 0.383731 0.10966117647058822 0.37694 0.156928
0 0.31843275 0.026470588235294117 0.242794 0.053422
0 0.3961143125 0.9444271764705882 0.308204 0.1068450000000001
0 0.4941986875 0.8318152352941177 0.382484 0.193656
0 0.4055723125 0.20859799999999998 0.15188500000000005 0.10016700000000003
0 0.5027654375 0.28404211764705883 0.12305999999999995 0.07345599999999998
0 0.599080625 0.09745664705882354 0.20731700000000003 0.190317
0 0.6049169375 0.513893705882353 0.17073100000000008 0.474123
0 0.6586081875 0.1422125294117647 0.14744999999999997 0.218698
0 0.7195831875 0.5005010000000001 0.147451 0.400668
0 0.7272926875 0.19150088235294116 0.13192900000000007 0.232053
0 0.8005108125 0.051470588235294115 0.22948999999999997 0.105175
0 0.846621625 0.9541660588235293 0.30265999999999993 0.08681200000000014
0 0.7797150625 0.286937 0.143015 0.252086
0 0.8567354375 0.36671417647058824 0.21729500000000002 0.20868099999999998
0 0.852277375 0.6171731764705883 0.16851399999999994 0.15859799999999988
0 0.867218125 0.4953398823529412 0.16186200000000006 0.23205399999999998
