0 0.5746875 0.5400467591240876 0.26625 0.22688999999999998
0 0.4990234375 0.34014598540145985 0.999375 0.680672
0 0.1487890625 0.696967810218978 0.08062499999999999 0.043884000000000006
0 0.253046875 0.5744820802919709 0.02812500000000001 0.0606909999999999
0 0.323828125 0.7946143284671532 0.03687499999999999 0.09430500000000001
0 0.346796875 0.6234942481751824 0.06 0.036414000000000044
0 0.4262890625 0.7582003284671532 0.143125 0.09430399999999997
0 0.5509375 0.8897336204379562 0.04875000000000007 0.08776899999999997
0 0.60875 0.7140632481751824 0.03312499999999996 0.03641500000000001
0 0.6582421875 0.6864897226277373 0.08562500000000006 0.12605099999999986
0 0.7392578125 0.6245459562043795 0.073125 0.04295100000000013
0 0.7577734375 0.8393656423357664 0.061249999999999916 0.06816100000000003
0 0.839375 0.30017213868613135 0.18937500000000007 0.13912300000000002
0 0.831328125 0.4672758102189781 0.0675 0.04575200000000002
0 0.860390625 0.5723776642335766 0.05249999999999999 0.04948600000000004
0 0.9026171875 0.42152481021897814 0.08500000000000008 0.04388399999999992
0 0.9419140625 0.3209358905109489 0.11312500000000003 0.10270800000000002
0 0.92265625 0.49119668613138684 0.03937500000000005 0.028945000000000044
