0 0.0407421875 0.11067741666666665 0.023125 0.013333000000000003
0 0.0574609375 0.15187533333333333 0.014374999999999999 0.012500000000000011
0 0.0794921875 0.11067741666666665 0.023124999999999993 0.013333000000000003
0 0.0833984375 0.09317741666666667 0.029375 0.014166000000000012
0 0.133671875 0.1061455 0.028749999999999998 0.017499999999999998
0 0.1396875 0.12104133333333333 0.016875 0.012499999999999992
0 0.138984375 0.13890625 0.013124999999999998 0.009999999999999972
0 0.1469140625 0.03890625 0.018125000000000002 0.01
0 0.1614453125 0.0428125 0.02562500000000001 0.017499999999999998
0 0.1678515625 0.08151041666666665 0.035 0.015000000000000013
0 0.18984375 0.005208333333333333 0.024999999999999994 0.012500000000000002
0 0.230546875 0.0669795 0.027499999999999997 0.017500000000000005
0 0.24296875 0.10901041666666667 0.02437499999999998 0.014999999999999994
0 0.26484375 0.0153125 0.025000000000000022 0.017500000000000005
0 0.2694921875 0.13328158333333331 0.021875000000000033 0.02083299999999999
0 0.282265625 0.04578158333333333 0.020625000000000004 0.019166000000000006
0 0.2933203125 0.07124966666666667 0.026874999999999982 0.02083400000000001
0 0.3140625 0.07958366666666668 0.015625 0.022499999999999992
0 0.3866796875 0.5785940833333334 0.03750000000000003 0.034999999999999844
0 0.4741015625 0.5746878333333334 0.03375 0.02749999999999993
0 0.54734375 0.5538024166666666 0.05499999999999994 0.045000000000000075
