0 0.3371484375 0.7231131386138613 0.06124999999999997 0.22504000000000005
0 0.285703125 0.17670149504950497 0.06812499999999999 0.259905
0 0.2978125 0.42630549504950493 0.048750000000000016 0.26149000000000006
0 0.333984375 0.4351653564356436 0.043125000000000024 0.28843100000000005
0 0.3433203125 0.16645312871287127 0.05687500000000001 0.24405700000000002
0 0.3726953125 0.1704151287128713 0.08937500000000004 0.24405699999999997
0 0.3878515625 0.4499105742574257 0.065 0.35261499999999996
0 0.39796875 0.6884892475247525 0.055625000000000036 0.25673599999999996
0 0.434375 0.46803732673267323 0.0625 0.348653
0 0.4398828125 0.18937949504950494 0.041874999999999996 0.26069800000000004
0 0.4528515625 0.7503864752475248 0.06499999999999995 0.30110899999999996
0 0.476015625 0.1800669900990099 0.05124999999999996 0.271791
0 0.4716015625 0.4594275940594059 0.03375 0.31299499999999997
0 0.4971484375 0.7485077326732672 0.06124999999999997 0.28684600000000005
0 0.5146875 0.5121015445544554 0.04749999999999993 0.41283700000000007
0 0.526171875 0.18953137623762376 0.05937500000000001 0.24801900000000002
0 0.5616015625 0.7728601980198019 0.06499999999999995 0.354199
0 0.58078125 0.5623012475247524 0.07062499999999994 0.5055459999999999
0 0.5746875 0.1943299900990099 0.04749999999999999 0.270999
0 0.627734375 0.20878146534653466 0.07437500000000008 0.32092
0 0.6525 0.749291712871287 0.06375000000000008 0.32488100000000003
0 0.6679296875 0.5121015445544554 0.06937499999999996 0.41283700000000007
0 0.66875 0.17511649504950494 0.06375000000000008 0.259905
0 0.7113671875 0.18224849504950494 0.05437499999999995 0.259905
