0 0.017578125 0.4695829999999999 0.03625 0.06333400000000007
0 0.0283203125 0.327917 0.026875000000000003 0.0625
0 0.049765625 0.42453125 0.020624999999999998 0.03999999999999996
0 0.0563671875 0.21489616666666667 0.023125000000000007 0.03666600000000001
0 0.0938671875 0.3207295 0.05374999999999999 0.07916600000000003
0 0.0807421875 0.6055725833333333 0.023124999999999993 0.051666999999999984
0 0.1035546875 0.40635383333333336 0.006874999999999992 0.027500000000000007
0 0.13703125 0.5810416666666667 0.04000000000000001 0.053333
0 0.1815234375 0.24630241666666666 0.029375000000000012 0.046665999999999985
0 0.202109375 0.4157815833333333 0.011874999999999997 0.02083300000000003
0 0.2690625 0.88963575 0.14125000000000001 0.21333300000000013
0 0.2159375 0.37218783333333333 0.015625 0.02749999999999993
0 0.2369921875 0.5235934166666667 0.05312499999999998 0.0774999999999999
0 0.2383984375 0.4199475833333333 0.029374999999999984 0.020000000000000018
0 0.232109375 0.34854133333333337 0.013124999999999998 0.011666999999999947
0 0.2399609375 0.5877086666666668 0.014374999999999999 0.05333299999999993
0 0.2442578125 0.3182291666666666 0.010000000000000009 0.03833300000000003
0 0.2583203125 0.37885383333333333 0.02687500000000001 0.027500000000000007
0 0.259140625 0.4052600833333333 0.020625000000000004 0.03583400000000007
0 0.2722265625 0.36786425 0.03500000000000003 0.03999999999999996
0 0.2740625 0.4563024166666667 0.01687500000000003 0.04666599999999995
0 0.284765625 0.2344270833333333 0.020625000000000004 0.03583299999999997
0 0.2855078125 0.31322916666666667 0.010000000000000009 0.038332999999999985
0 0.3141796875 0.2777600833333333 0.03874999999999995 0.03583400000000003
0 0.3203125 0.17979200000000004 0.016874999999999973 0.032499999999999994
0 0.3580078125 0.34895799999999993 0.04124999999999995 0.03250000000000001
0 0.360234375 0.24369825 0.04375000000000001 0.03999999999999996
0 0.3487890625 0.30192708333333335 0.018125000000000002 0.03416699999999998
0 0.3681640625 0.30765591666666664 0.019374999999999976 0.03083399999999999
0 0.387421875 0.6230725833333334 0.028749999999999998 0.05166700000000005
0 0.3901953125 0.24239616666666666 0.02562500000000001 0.036665999999999976
0 0.3953515625 0.3669270833333333 0.03500000000000003 0.035000000000000066
0 0.4021484375 0.32416633333333333 0.02999999999999997 0.041666999999999975
0 0.4147265625 0.10489616666666667 0.034999999999999976 0.0375
0 0.707265625 0.25343716666666666 0.583125 0.505834
0 0.5910546875 0.6349996666666667 0.03749999999999998 0.08416699999999988
0 0.6113671875 0.49578125 0.05312500000000009 0.10333299999999997
0 0.65359375 0.7366149166666668 0.02375000000000005 0.05999999999999991
0 0.7691796875 0.684583 0.03875000000000006 0.06333399999999993
0 0.7765625 0.5230725833333333 0.015625 0.04999999999999997
0 0.86453125 0.5472395833333333 0.040000000000000036 0.050000000000000044
0 0.918828125 0.25322916666666667 0.036250000000000004 0.036667000000000005
0 0.9884375 0.5557291666666666 0.015625 0.038333000000000096
