0 0.446875 0.5279807007672634 0.15625 0.19574199999999994
0 0.054921875 0.261246358056266 0.027500000000000004 0.04176899999999999
0 0.10359375 0.4576326035805627 0.118125 0.24242499999999992
0 0.265 0.529863716112532 0.09499999999999997 0.08435799999999995
0 0.2471875 0.3383329028132992 0.048750000000000016 0.04668299999999995
0 0.38125 0.29419280562659844 0.0625 0.09418499999999996
0 0.405546875 0.08781944757033248 0.06000000000000005 0.051597000000000004
0 0.4288671875 0.349698358056266 0.022499999999999964 0.04258799999999998
0 0.5858984375 0.1636262455242967 0.15499999999999992 0.201474
0 0.6040625 0.3553161713554987 0.14187500000000008 0.07698600000000001
0 0.5609765625 0.30116162659846546 0.03374999999999995 0.07371000000000001
0 0.566953125 0.7661105856777494 0.0368750000000001 0.04013099999999996
0 0.7518359375 0.7330343094629157 0.10875000000000001 0.06470099999999986
0 0.7692578125 0.45756134271099747 0.10499999999999998 0.15479199999999993
0 0.876796875 0.35561780562659845 0.059374999999999956 0.09336599999999994
0 0.9033203125 0.18915971611253196 0.08937499999999998 0.084357
0 0.9196484375 0.227250537084399 0.06187500000000001 0.06142500000000002
0 0.941171875 0.5079664475703325 0.02749999999999997 0.05159800000000004
