0 0.0791796875 0.20494758333333332 0.03875000000000001 0.019167000000000007
0 0.134765625 0.4044270833333334 0.051875000000000004 0.03416699999999998
0 0.14578125 0.2805725833333333 0.040624999999999994 0.050834000000000046
0 0.1707421875 0.4673961666666666 0.023125000000000007 0.03833300000000003
0 0.1991796875 0.13401041666666666 0.037500000000000006 0.014999999999999994
0 0.2019140625 0.6328125 0.019375000000000003 0.015832999999999986
0 0.2144921875 0.4161455 0.021875000000000006 0.016666999999999987
0 0.2321875 0.14796841666666669 0.04812500000000003 0.04666699999999998
0 0.2432421875 0.23083333333333333 0.05374999999999999 0.043332999999999955
0 0.2497265625 0.3532815833333333 0.035 0.02083300000000003
0 0.2584375 0.20890658333333334 0.048750000000000016 0.05166599999999999
0 0.281796875 0.06932291666666666 0.028749999999999998 0.03083300000000001
0 0.2771875 0.37223958333333335 0.015625 0.051666999999999984
0 0.3008984375 0.22171875 0.02999999999999997 0.025832999999999995
0 0.3314453125 0.65755175 0.02562500000000001 0.025833999999999985
0 0.345390625 0.43473958333333335 0.051875000000000004 0.050000000000000044
0 0.34875 0.05557325 0.033125000000000016 0.01
0 0.4223046875 0.12359408333333333 0.03749999999999998 0.03416600000000003
0 0.4514453125 0.01171875 0.02562500000000001 0.024167000000000004
0 0.49296875 0.25718783333333334 0.024999999999999967 0.027500000000000007
0 0.5051171875 0.3787496666666667 0.02312499999999995 0.020833999999999946
0 0.506484375 0.4518229166666667 0.013125000000000053 0.030833000000000037
0 0.5133203125 0.24124966666666667 0.026249999999999996 0.02083399999999998
0 0.547890625 0.11578158333333333 0.020625000000000004 0.020833000000000008
0 0.55484375 0.44229199999999996 0.02375000000000005 0.03333300000000006
0 0.6169140625 0.12244758333333333 0.01937499999999992 0.019167000000000007
0 0.6350390625 0.13885383333333334 0.018125000000000058 0.027499999999999986
0 0.641875 0.4314065833333333 0.03187499999999999 0.05166599999999999
0 0.6646875 0.3269270833333333 0.015625 0.035833000000000004
0 0.68421875 0.3366149166666667 0.024375000000000036 0.061666
0 0.6853125 0.5069795 0.016874999999999973 0.017499999999999922
0 0.692890625 0.22171875 0.020625000000000004 0.025832999999999995
0 0.7370703125 0.4608857499999999 0.026874999999999982 0.025832999999999995
0 0.745859375 0.43578158333333333 0.043749999999999956 0.02083300000000003
0 0.7558984375 0.3327086666666667 0.02937500000000004 0.053333
0 0.7847265625 0.3579684166666666 0.03375000000000006 0.046667000000000014
0 0.8721484375 0.37432325 0.02937499999999993 0.070833
0 0.9126953125 0.09994758333333333 0.02562500000000001 0.019167000000000007
