0 0.5480663734939759 0.615234375 0.6239149999999999 0.574219
0 0.29338492771084335 0.9193359375 0.042429999999999975 0.014062000000000019
0 0.3203903734939759 0.8857421875 0.023142999999999986 0.021874999999999978
0 0.36087259036144576 0.830077625 0.09932500000000001 0.144532
0 0.32786183132530117 0.863671625 0.02989400000000002 0.021093999999999946
0 0.39920304819277114 0.4650388125 0.10800399999999995 0.29140599999999994
0 0.4715154337349398 0.8892580625 0.154291 0.08046900000000001
0 0.45176385542168673 0.8458989375 0.08293199999999998 0.13906200000000002
0 0.49539867469879517 0.9240234375 0.08486099999999996 0.03046899999999997
0 0.6274597710843374 0.776171625 0.297011 0.051562999999999914
